version https://git-lfs.github.com/spec/v1
oid sha256:5cafce7d548c2d6fc6ad1c3dc4d50c0db1880923292cc769e16acfe8425c4d9f
size 81936
